0.0  31136962.4665
0.1  9986202.56195
0.2  891605.553201
0.3  688302.720629
0.4  361382.132829
0.5  150968.318661
0.6  277186.1742
0.7  320.535299607
0.8  156729.890763
0.9  41789.7624646
1.0  66530.4794727
1.1  44553.9160145
1.2  27934.6796802
1.3  59191.2240052
1.4  338.216683598
1.5  44948.4704151
1.6  12571.8521474
1.7  24851.3684985
1.8  15424.8823133
1.9  11990.9186203
2.0  25128.4763392
2.1  368.966335466
2.2  21138.4432645
2.3  5781.55081489
2.4  13555.0381466
2.5  7325.55112267
2.6  6971.72439673
2.7  13868.12416
2.8  414.741135303
2.9  12335.5011646
3.0  3223.54716102
3.1  8904.12965556
3.2  4014.21725105
3.3  4773.7977818
3.4  8789.12871339
3.5  478.337151813
3.6  8120.91559862
3.7  2008.18780859
3.8  6548.71140859
3.9  2349.36100515
4.0  3632.7179788
4.1  6054.45928363
4.2  563.407764095
4.3  5760.873016
4.4  1350.70574418
4.5  5200.38238161
4.6  1395.36142506
4.7  2979.03533831
4.8  4396.79443164
4.9  674.429413415
5.0  4282.91935989
5.1  971.058987846
5.2  4363.63151828
5.3  800.131271994
5.4  2580.75066094
5.5  3299.92754697
5.6  816.583795194
5.7  3268.78033114
5.8  751.889923765
5.9  3812.46211297
6.0  412.39212584
6.1  2325.33861801
6.2  2523.70165991
6.3  995.59124756
6.4  2513.35407129
6.5  638.859802301
6.6  3430.92489568
6.7  164.399492475
6.8  2148.10336435
6.9  1948.32884517
7.0  1217.82620933
7.1  1907.05646935
7.2  604.296307131
7.3  3157.04791985
7.4  29.4418843112
7.5  2003.9529316
7.6  1516.4494497
7.7  1492.20343472
7.8  1390.32742448
7.9  630.314996761
8.0  2967.53040296
8.1  4.765131881
8.2  1855.34988651
8.3  1213.89645211
8.4  1840.31052253
8.5  936.058962887
8.6  698.901309564
8.7  2900.08367027
8.8  106.426631972
8.9  1670.74877628
9.0  1087.36241795
9.1  2350.22148983
9.2  544.962627664
9.3  799.725137676
9.4  3223.80699629
9.5  392.260753604
9.6  1459.79942763
9.7  1507.9573071
9.8  3627.38526136
9.9  252.177647532
10.0  1374.258212
10.1  6878.56356326
10.2  1589.39570239
10.3  2799.78951291
10.4  22027.8879151
10.5  69946.505894
10.6  71050.127411
10.7  65780.9361413
10.8  16659.9080359
10.9  1990.5447565
11.0  2644.26983936
11.1  5892.93196831
11.2  1364.80553804
11.3  51.9615261796
11.4  3863.66137315
11.5  1077.78627546
11.6  1294.88534016
11.7  673.972873744
11.8  2742.11221859
11.9  871.963845372
12.0  343.275811036
12.1  2343.86066869
12.2  859.041275259
12.3  1521.80315018
12.4  130.721643073
12.5  2565.94369573
12.6  623.99654995
12.7  876.796295334
12.8  1486.76005997
12.9  1208.79101927
13.0  1536.56209173
13.1  15.6246853766
13.2  2541.88598341
13.3  457.531999285
13.4  1519.97901506
13.5  670.381011775
13.6  1863.41455605
13.7  1232.36864723
13.8  418.017169711
13.9  2189.74480028
14.0  647.009027251
14.1  1983.22574324
14.2  78.1207324559
14.3  2555.5185946
14.4  748.527947954
14.5  1316.55560077
14.6  1360.14914962
14.7  1421.89336935
14.8  1927.54051822
14.9  149.197359464
15.0  2793.20279431
15.1  554.668590416
15.2  2327.47802355
15.3  356.588410573
15.4  2646.72490691
15.5  1290.17262852
15.6  1209.30950758
15.7  2102.75160527
15.8  1294.00277761
15.9  2715.26412771
16.0  50.1878752766
16.1  3542.56370787
16.2  718.531690645
16.3  2899.56870211
16.4  682.566044882
16.5  3134.10194768
16.6  1984.50894715
16.7  1420.22217998
16.8  2978.80901286
16.9  1562.70980747
17.0  3878.85071821
17.1  50.5858081223
17.2  4872.67130217
17.3  1040.44789079
17.4  4245.6266338
17.5  905.129278529
17.6  4594.67381008
17.7  2888.44606704
17.8  2429.18904331
17.9  4156.72628597
18.0  2660.55199769
18.1  6013.0987927
18.2  269.839765187
18.3  7660.37231652
18.4  1663.4544856
18.5  7736.24723519
18.6  773.470081721
18.7  8777.2237615
18.8  4171.57126926
18.9  6163.65307403
19.0  5747.34825786
19.1  6797.97348321
19.2  10585.3548503
19.3  2191.9076914
19.4  14346.3055646
19.5  4258.17201776
19.6  18519.2031177
19.7  54.236234301
19.8  23486.1957789
19.9  6909.6210869
20.0  23855.2168532
20.1  7225.91809183
20.2  29769.6719371
20.3  24395.2747678
20.4  22438.9266209
20.5  37812.7667149
20.6  32689.235656
20.7  79988.3538953
20.8  11478.6974615
20.9  142419.230687
21.0  48513.979103
21.1  304968.72026
21.2  2259.92785446
21.3  908822.777838
21.4  618976.547502
21.5  10816835.8972
21.6  16479577.0568
21.7  3386102.78708
21.8  665479.742396
21.9  333987.06313
22.0  183550.143208
22.1  127001.474106
22.2  134556.561464
22.3  26924.0352745
22.4  77713.199427
22.5  23123.4708004
22.6  61354.5301678
22.7  1342.70211768
22.8  42145.9109773
22.9  8270.90731266
23.0  32076.90773
23.1  540.933402581
23.2  23601.9866435
23.3  6631.6861463
23.4  16703.5945377
23.5  2918.08664014
23.6  12901.9441062
23.7  7059.38753626
23.8  8143.41645912
23.9  4736.08253741
24.0  6773.42063245
24.1  7223.82307388
24.2  3514.16150236
24.3  5481.0744559
24.4  3461.39576852
24.5  6798.86759933
24.6  1219.56853677
24.7  5391.2627763
24.8  1843.29414971
24.9  5961.96254894
25.0  260.226672267
25.1  4822.19271429
25.2  1179.44362568
25.3  4957.8434235
25.4  4.01557849331
25.5  4062.48722031
25.6  1000.65776025
25.7  3970.92571162
25.8  68.7797909887
25.9  3297.13417007
26.0  1029.53823509
26.1  3105.47267168
26.2  240.801023078
26.3  2622.23388484
26.4  1117.20470424
26.5  2402.03912061
26.6  413.52959657
26.7  2072.99797248
26.8  1194.32704733
26.9  1861.19503342
27.0  543.30954753
27.1  1649.52670127
27.2  1236.28936779
27.3  1463.50160962
27.4  619.709356935
27.5  1335.48739397
27.6  1240.59154499
27.7  1182.95340257
27.8  647.30385526
27.9  1109.62942686
28.0  1213.54909629
28.1  994.556047771
28.2  635.561366965
28.3  951.815300236
28.4  1163.31676246
28.5  877.737293981
28.6  593.95328458
28.7  845.468153099
28.8  1096.81931873
28.9  817.216018603
29.0  530.158246186
29.1  777.945246075
29.2  1018.90385784
29.3  802.511279503
29.4  449.979752516
29.5  739.829643261
29.6  932.681511798
29.7  826.82185002
29.8  358.182509035
29.9  723.707012116
30.0  840.502676783
30.1  885.700922365
30.2  259.833462509
30.3  722.739279531
30.4  745.29322741
30.5  975.863264234
30.6  161.914762613
30.7  729.284472645
30.8  652.10097096
30.9  1094.68199431
31.0  74.9956911944
31.1  733.951944472
31.2  569.76873965
31.3  1241.71171596
31.4  14.7344889319
31.5  725.832695913
31.6  513.07696844
31.7  1425.87747729
31.8  3.42653563497
31.9  695.261230924
32.0  508.381706447
32.1  1690.57138645
32.2  75.0741760396
32.3  641.994187696
32.4  622.205250572
32.5  2216.246285
32.6  309.710906917
32.7  600.893687824
32.8  1176.57302893
32.9  4016.94628834
33.0  1188.61311365
33.1  834.762728544
33.2  6898.56657772
33.3  29756.8071274
33.4  46477.7253081
33.5  46563.6514394
33.6  40377.0927871
33.7  14731.6457305
33.8  2538.04241997
33.9  16.8783808428
34.0  3444.14813105
34.1  2506.14653462
34.2  826.893485014
34.3  66.6698671912
34.4  1395.038084
34.5  1581.2653151
34.6  525.298894584
34.7  278.965352043
34.8  596.253938484
34.9  1447.83126723
35.0  379.257003779
35.1  520.60206746
35.2  140.726962834
35.3  1365.1825426
35.4  379.788034231
35.5  648.963472132
35.6  1.67138730774
35.7  1093.6733137
35.8  590.190722246
35.9  571.799848642
36.0  190.715006414
36.1  610.976050212
36.2  937.642029964
36.3  370.876898777
36.4  543.952083108
36.5  139.229622249
36.6  1154.96460868
36.7  306.972836547
36.8  744.461325889
36.9  15.0333937255
37.0  960.497914834
37.1  587.933344542
37.2  599.75062779
37.3  348.226643554
37.4  408.211097112
37.5  1041.13378211
37.6  336.535383034
37.7  780.052432148
37.8  9.54618550772
37.9  1135.46045131
38.0  445.026453312
38.1  791.673798543
38.2  242.881534423
38.3  605.498150493
38.4  990.061697963
38.5  435.530625992
38.6  831.365629991
38.7  34.1224246041
38.8  1255.36996356
38.9  448.268198956
39.0  938.735826177
39.1  265.351087109
39.2  668.895553539
39.3  1102.86101785
39.4  494.453072747
39.5  1008.47731247
39.6  13.2843299325
39.7  1377.41000701
39.8  580.441599638
39.9  1040.62868972
40.0  478.481701163
40.1  544.352129507
40.2  1428.54341647
40.3  498.364507007
40.4  1337.38792395
40.5  23.5444589671
40.6  1391.29591737
40.7  974.059327748
40.8  999.89780533
40.9  1039.40709982
41.0  200.860158571
41.1  1895.61091399
41.2  625.860638891
41.3  1632.41398415
41.4  440.884110917
41.5  972.509794746
41.6  1850.55111303
41.7  778.078535999
41.8  1944.13286107
41.9  33.9085693572
42.0  1948.84903749
42.1  1492.03863868
42.2  1416.26251967
42.3  1813.40643247
42.4  112.87054795
42.5  2791.39519694
42.6  1177.54099442
42.7  2319.39414398
42.8  1387.96457704
42.9  711.711201677
43.0  3394.32715738
43.1  1157.40679635
43.2  3304.24943663
43.3  888.007859349
43.4  1744.63409437
43.5  3854.04872414
43.6  1542.06631656
43.7  4346.62936296
43.8  472.426031521
43.9  3166.24174466
44.0  4383.21279984
44.1  2384.11807785
44.2  5614.63063213
44.3  204.874463882
44.4  5088.21124835
44.5  5289.00225697
44.6  3794.35039776
44.7  7531.58976832
44.8  75.8367992342
44.9  7907.45902975
45.0  7103.47201181
45.1  6096.4330079
45.2  11058.7938459
45.3  42.7469088145
45.4  12629.0223315
45.5  11109.1781682
45.6  10191.8075848
45.7  18789.1334947
45.8  124.669532405
45.9  22049.1733189
46.0  21539.0787467
46.1  19029.9395643
46.2  40100.1524048
46.3  1041.99843499
46.4  46927.0702471
46.5  59529.216778
46.6  47757.9590891
46.7  133290.15625
46.8  13224.9886543
46.9  176986.66138
47.0  409916.505204
47.1  393418.861512
47.2  2910587.86516
47.3  6908896.42694
47.4  6192437.54327
47.5  2010488.04099
47.6  295635.704971
47.7  410935.026521
47.8  101470.747277
47.9  35470.9752422
48.0  126478.233586
48.1  39185.5639109
48.2  62057.5439088
48.3  40374.2693112
48.4  1383.21107201
48.5  37632.2712016
48.6  20231.3172171
48.7  18081.8722037
48.8  24409.3007654
48.9  771.749279976
49.0  12812.1977013
49.1  14946.6337149
49.2  6511.42841851
49.3  14797.7061869
49.4  4135.6066014
49.5  2839.106182
49.6  10765.8527018
49.7  4243.2423569
49.8  7538.44691936
49.9  6588.4237386
50.0  9.26641903294
50.1  5883.03806893
50.2  4912.63716404
50.3  3075.05436441
50.4  6282.49834683
50.5  1310.33869575
50.6  1585.77723369
50.7  4889.15140011
50.8  1990.04997415
50.9  3735.07693141
51.0  3426.2881454
51.1  1.92046788787
51.2  2803.70084764
51.3  2848.3605665
51.4  1518.00063996
51.5  3496.22606397
51.6  1287.21158891
51.7  401.529893826
51.8  2763.06796654
51.9  1505.89477803
52.0  1732.99168943
52.1  2635.37514291
52.2  307.527212647
52.3  937.135264439
52.4  2186.84388872
52.5  930.686728908
52.6  1833.1747137
52.7  1792.11346361
52.8  27.376689342
52.9  1174.03591353
53.0  1623.51644216
53.1  738.07970385
53.2  1735.61430158
53.3  1219.4006493
53.4  2.48654840499
53.5  1169.9272279
53.6  1237.3895641
53.7  657.40023297
53.8  1549.37190545
53.9  909.862196459
54.0  16.4163818164
54.1  1048.06955581
54.2  1014.37403906
54.3  582.106470638
54.4  1351.65906568
54.5  789.48348587
54.6  10.118808393
54.7  874.787668747
54.8  904.576351225
54.9  495.929495446
55.0  1157.51532939
55.1  794.922004964
55.2  0.166557440994
55.3  664.315718594
55.4  861.786206759
55.5  423.452916599
55.6  945.983647767
55.7  871.874440632
55.8  39.4591425634
55.9  415.067678856
56.0  831.785387066
56.1  408.945998103
56.2  699.363935878
56.3  945.346993407
56.4  190.538986419
56.5  158.190245235
56.6  734.762307537
56.7  485.772553338
56.8  452.829762726
56.9  907.693205416
57.0  467.619494706
57.1  3.91578531863
57.2  494.129163727
57.3  608.13880577
57.4  320.946051323
57.5  684.429021615
57.6  746.880631586
57.7  111.086624404
57.8  156.948322762
57.9  601.064801437
58.0  402.29085519
58.1  382.941772005
58.2  777.193283995
58.3  481.377856842
58.4  3.51216939046
58.5  316.176511346
58.6  546.604777671
58.7  297.827895536
58.8  483.027853169
58.9  745.682500699
59.0  298.024715691
59.1  10.1190316486
59.2  382.982425739
59.3  468.771639403
59.4  268.261749938
59.5  534.037181078
59.6  692.805573247
59.7  220.311100683
59.8  24.0969788662
59.9  379.931310105
60.0  421.753466483
60.1  259.524870932
60.2  531.211990646
60.3  673.149342107
60.4  226.972195631
60.5  14.0770848974
60.6  331.617791973
60.7  407.814665908
60.8  252.999928055
60.9  482.097148271
61.0  686.586119176
61.1  313.384906772
61.2  0.0312076179437
61.3  237.951252303
61.4  406.365915689
61.5  263.347731621
61.6  392.022082252
61.7  689.24821941
61.8  481.84218355
61.9  47.7522967104
62.0  101.783215701
62.1  367.545754427
62.2  312.915621259
62.3  295.41857014
62.4  611.487101428
62.5  682.422280047
62.6  252.704898564
62.7  0.986129145045
62.8  223.66201581
62.9  365.29601697
63.0  276.116389749
63.1  440.024958541
63.2  764.408061542
63.3  624.778275939
63.4  141.777948567
63.5  24.2054200584
63.6  275.062329657
63.7  351.954093334
63.8  326.04873254
63.9  614.91941041
64.0  920.581318257
64.1  666.374928389
64.2  134.733086137
64.3  28.7132927879
64.4  284.654968267
64.5  393.013346914
64.6  463.926669603
64.7  874.475352761
64.8  1256.43649415
64.9  964.896081143
65.0  269.122164345
65.1  4.72074942947
65.2  278.065823839
65.3  567.067774885
65.4  877.652128157
65.5  1624.86146963
65.6  2424.47089287
65.7  2254.99362711
65.8  1060.09226827
65.9  79.3058346269
66.0  255.245806449
66.1  1458.83733256
66.2  3833.06209171
66.3  8595.97061899
66.4  16237.3207206
66.5  24638.8052608
66.6  30522.8601262
66.7  32776.8820355
66.8  33065.5918336
66.9  32870.154643
67.0  31224.9921027
67.1  26315.6313693
67.2  18524.3133311
67.3  10643.8865415
67.4  5141.73807106
67.5  2207.28346249
67.6  696.927436219
67.7  20.6537043401
67.8  346.834185533
67.9  1449.50816197
68.0  2346.5722768
68.1  2290.63110778
68.2  1553.17935836
68.3  895.198743138
68.4  594.534215882
68.5  371.363597935
68.6  85.3922633572
68.7  30.6925947218
68.8  433.78349476
68.9  996.80942157
69.0  1200.09024287
69.1  928.268993624
69.2  548.849689886
69.3  388.912233565
69.4  367.993128308
69.5  243.366900026
69.6  41.2397492548
69.7  42.0339224324
69.8  364.582954648
69.9  750.983713296
70.0  852.779334694
70.1  634.265973216
70.2  375.131280477
70.3  301.127251246
70.4  336.721304599
70.5  272.582942592
70.6  89.2634827407
70.7  2.60167754227
70.8  182.647419633
70.9  516.573426274
71.0  715.84365798
71.1  632.335574049
71.2  403.065602213
71.3  267.713515388
71.4  294.413129545
71.5  335.521251789
71.6  242.303215634
71.7  65.7288582988
71.8  6.10365351715
71.9  178.579681733
72.0  469.427729095
72.1  644.055282183
72.2  582.493210025
72.3  386.429964807
72.4  254.194871313
72.5  271.151514892
72.6  339.57917479
72.7  309.000797646
72.8  154.831557013
72.9  13.7595291132
73.0  44.1258597449
73.1  260.506273387
73.2  510.5813232
73.3  613.282648485
73.4  519.408041524
73.5  342.688139654
73.6  241.409470161
73.7  271.23627776
73.8  346.97336559
73.9  339.788604981
74.0  210.097106204
74.1  50.8185796193
74.2  5.09691188376
74.3  137.330103193
74.4  373.326517256
74.5  559.031639457
74.6  583.316048146
74.7  460.066463973
74.8  305.575297405
74.9  237.201998743
75.0  280.637378698
75.1  359.079788787
75.2  366.538658914
75.3  260.815405054
75.4  101.078407209
75.5  3.25307763309
75.6  51.2867637773
75.7  233.29745356
75.8  448.804363599
75.9  578.432874416
76.0  563.358844912
76.1  438.761060713
76.2  301.783631981
76.3  240.939003837
76.4  277.68699998
76.5  358.333852724
76.6  397.591366317
76.7  340.930119574
76.8  203.275260349
76.9  60.2229717035
77.0  0.0166867804563
77.1  68.5202736705
77.2  241.37703448
77.3  438.572299764
77.4  570.305369618
77.5  585.736024065
77.6  496.906157819
77.7  366.54001794
77.8  269.502223011
77.9  251.207173618
78.0  305.698134548
78.1  383.397067933
78.2  421.857321377
78.3  381.441463839
78.4  266.972899164
78.5  125.26477464
78.6  21.408987671
78.7  6.90579909447
78.8  95.5075821883
78.9  257.598228788
79.0  434.362858941
79.1  563.895659948
79.2  606.824136354
79.3  560.462773127
79.4  456.552026836
79.5  345.088083943
79.6  272.263138497
79.7  262.074013951
79.8  308.62281273
79.9  381.101499854
80.0  438.260088694
80.1  445.851775875
80.2  390.132786013
80.3  282.72153332
80.4  155.794477583
80.5  50.174837045
80.6  1.09170304819
80.7  26.6686076954
80.8  122.726849672
80.9  265.013073506
81.0  417.448352571
81.1  543.266017785
81.2  615.388445886
81.3  623.064301042
81.4  573.258718251
81.5  486.994692778
81.6  392.24751162
81.7  315.740828322
81.8  275.979373526
81.9  279.208018431
82.0  318.989561588
82.1  379.067945471
82.2  438.401229131
82.3  476.867383613
82.4  480.191818872
82.5  443.032861313
82.6  369.737316041
82.7  272.874138367
82.8  170.129595599
82.9  80.4169558265
83.0  20.0957951601
83.1  0.0432224319364
83.2  24.0399764191
83.3  88.6096570086
83.4  184.153239191
83.5  297.006297095
83.6  411.938629169
83.7  514.614613258
83.8  593.616906198
83.9  641.773817203
84.0  656.686867471
84.1  640.499111716
84.2  599.055043101
84.3  540.668266685
84.4  474.732553746
84.5  410.39209566
84.6  355.439227596
84.7  315.545758422
84.8  293.869656314
84.9  291.021961287
85.0  305.335755654
85.1  333.35263055
85.2  370.432112402
85.3  411.393506301
85.4  451.113826096
85.5  485.025733141
85.6  509.48177168
85.7  521.972459812
85.8  521.203711774
85.9  507.052358278
86.0  480.426808968
86.1  443.063467839
86.2  397.28913821
86.3  345.776353172
86.4  291.313412963
86.5  236.604893114
86.6  184.112325368
86.7  135.939251484
86.8  93.7602922944
86.9  58.7904458486
87.0  31.7885525429
87.1  13.0876473394
87.2  2.64459060682
87.3  0.101724848111
87.4  4.8541341207
87.5  16.1171920927
87.6  32.9903090635
87.7  54.5139998329
87.8  79.7185022422
87.9  107.663124033
88.0  137.466256041
88.1  168.326558042
88.2  199.536211552
88.3  230.487363916
88.4  260.672987598
88.5  289.683377451
88.6  317.199434659
88.7  342.98376458
88.8  366.870467732
88.9  388.754345711
89.0  408.580089285
89.1  426.331873104
89.2  442.02365579
89.3  455.690378326
89.4  467.380168636
89.5  477.147595099
89.6  485.047965086
89.7  491.132634193
89.8  495.44527519
89.9  498.019050462
90.0  498.874635381
90.1  498.019050462
90.2  495.44527519
90.3  491.132634193
90.4  485.047965086
90.5  477.147595099
90.6  467.380168636
90.7  455.690378326
90.8  442.02365579
90.9  426.331873104
91.0  408.580089285
91.1  388.754345711
91.2  366.870467732
91.3  342.98376458
91.4  317.199434659
91.5  289.683377451
91.6  260.672987598
91.7  230.487363916
91.8  199.536211552
91.9  168.326558042
92.0  137.466256041
92.1  107.663124033
92.2  79.7185022422
92.3  54.5139998329
92.4  32.9903090635
92.5  16.1171920927
92.6  4.85413412065
92.7  0.101724848111
92.8  2.64459060681
92.9  13.0876473395
93.0  31.7885525429
93.1  58.7904458486
93.2  93.7602922944
93.3  135.939251484
93.4  184.112325368
93.5  236.604893114
93.6  291.313412963
93.7  345.776353172
93.8  397.28913821
93.9  443.063467839
94.0  480.426808968
94.1  507.052358278
94.2  521.203711774
94.3  521.972459812
94.4  509.48177168
94.5  485.025733141
94.6  451.113826096
94.7  411.393506301
94.8  370.432112402
94.9  333.35263055
95.0  305.335755654
95.1  291.021961287
95.2  293.869656314
95.3  315.545758422
95.4  355.439227596
95.5  410.392095661
95.6  474.732553746
95.7  540.668266685
95.8  599.055043101
95.9  640.499111716
96.0  656.686867471
96.1  641.773817203
96.2  593.616906198
96.3  514.614613258
96.4  411.938629169
96.5  297.006297095
96.6  184.153239191
96.7  88.6096570086
96.8  24.0399764191
96.9  0.0432224319364
97.0  20.09579516
97.1  80.4169558265
97.2  170.129595599
97.3  272.874138366
97.4  369.737316042
97.5  443.032861313
97.6  480.191818872
97.7  476.867383613
97.8  438.401229131
97.9  379.067945471
98.0  318.989561588
98.1  279.208018431
98.2  275.979373526
98.3  315.740828321
98.4  392.24751162
98.5  486.994692778
98.6  573.258718251
98.7  623.064301042
98.8  615.388445886
98.9  543.266017785
99.0  417.448352571
99.1  265.013073506
99.2  122.726849672
99.3  26.6686076954
99.4  1.09170304819
99.5  50.174837045
99.6  155.794477583
99.7  282.72153332
99.8  390.132786013
99.9  445.851775876
100.0  438.260088694
100.1  381.101499854
100.2  308.62281273
100.3  262.074013951
100.4  272.263138497
100.5  345.088083943
100.6  456.552026836
100.7  560.462773127
100.8  606.824136354
100.9  563.895659948
101.0  434.362858941
101.1  257.598228788
101.2  95.5075821878
101.3  6.90579909447
101.4  21.408987671
101.5  125.26477464
101.6  266.972899164
101.7  381.441463839
101.8  421.857321377
101.9  383.397067933
102.0  305.698134549
102.1  251.207173618
102.2  269.502223011
102.3  366.54001794
102.4  496.906157819
102.5  585.736024065
102.6  570.305369618
102.7  438.572299764
102.8  241.37703448
102.9  68.5202736705
103.0  0.0166867804563
103.1  60.2229717034
103.2  203.275260349
103.3  340.930119574
103.4  397.591366317
103.5  358.333852723
103.6  277.68699998
103.7  240.939003837
103.8  301.783631981
103.9  438.761060713
104.0  563.358844912
104.1  578.432874418
104.2  448.804363599
104.3  233.29745356
104.4  51.2867637773
104.5  3.25307763309
104.6  101.078407209
104.7  260.815405054
104.8  366.538658914
104.9  359.079788786
105.0  280.637378698
105.1  237.201998743
105.2  305.575297405
105.3  460.066463973
105.4  583.316048146
105.5  559.031639457
105.6  373.326517257
105.7  137.330103192
105.8  5.09691188374
105.9  50.8185796193
106.0  210.097106204
106.1  339.788604979
106.2  346.97336559
106.3  271.236277759
106.4  241.409470161
106.5  342.688139654
106.6  519.408041524
106.7  613.282648485
106.8  510.5813232
106.9  260.506273387
107.0  44.125859745
107.1  13.7595291132
107.2  154.831557013
107.3  309.000797645
107.4  339.57917479
107.5  271.151514892
107.6  254.194871313
107.7  386.429964807
107.8  582.493210025
107.9  644.055282183
108.0  469.427729095
108.1  178.579681733
108.2  6.1036535172
108.3  65.7288582989
108.4  242.303215634
108.5  335.521251789
108.6  294.413129546
108.7  267.713515388
108.8  403.065602213
108.9  632.335574049
109.0  715.843657978
109.1  516.573426274
109.2  182.647419633
109.3  2.60167754227
109.4  89.2634827408
109.5  272.582942593
109.6  336.721304599
109.7  301.127251246
109.8  375.131280477
109.9  634.265973216
110.0  852.779334694
110.1  750.983713296
110.2  364.582954648
110.3  42.0339224324
110.4  41.2397492549
110.5  243.366900026
110.6  367.993128309
110.7  388.912233565
110.8  548.849689886
110.9  928.268993625
111.0  1200.09024287
111.1  996.80942157
111.2  433.78349476
111.3  30.6925947218
111.4  85.3922633572
111.5  371.363597935
111.6  594.534215882
111.7  895.198743138
111.8  1553.17935836
111.9  2290.63110778
112.0  2346.5722768
112.1  1449.50816197
112.2  346.834185533
112.3  20.6537043402
112.4  696.927436219
112.5  2207.28346249
112.6  5141.73807106
112.7  10643.8865415
112.8  18524.3133311
112.9  26315.6313693
113.0  31224.9921027
113.1  32870.154643
113.2  33065.5918336
113.3  32776.8820355
113.4  30522.8601262
113.5  24638.8052608
113.6  16237.3207206
113.7  8595.97061899
113.8  3833.06209171
113.9  1458.83733256
114.0  255.245806449
114.1  79.3058346274
114.2  1060.09226827
114.3  2254.99362711
114.4  2424.47089287
114.5  1624.86146963
114.6  877.652128158
114.7  567.067774885
114.8  278.06582384
114.9  4.72074942947
115.0  269.122164345
115.1  964.896081141
115.2  1256.43649415
115.3  874.475352761
115.4  463.926669603
115.5  393.013346914
115.6  284.654968266
115.7  28.7132927879
115.8  134.733086137
115.9  666.374928388
116.0  920.581318257
116.1  614.91941041
116.2  326.048732539
116.3  351.954093333
116.4  275.062329658
116.5  24.2054200585
116.6  141.777948567
116.7  624.778275939
116.8  764.408061544
116.9  440.024958541
117.0  276.116389748
117.1  365.296016971
117.2  223.662015809
117.3  0.986129145063
117.4  252.704898564
117.5  682.422280047
117.6  611.487101427
117.7  295.418570141
117.8  312.915621259
117.9  367.545754427
118.0  101.783215701
118.1  47.7522967104
118.2  481.84218355
118.3  689.24821941
118.4  392.022082252
118.5  263.347731621
118.6  406.365915689
118.7  237.951252303
118.8  0.0312076179475
118.9  313.384906772
119.0  686.586119177
119.1  482.09714827
119.2  252.999928055
119.3  407.814665907
119.4  331.617791972
119.5  14.0770848974
119.6  226.97219563
119.7  673.149342107
119.8  531.211990646
119.9  259.524870931
120.0  421.753466483
120.1  379.931310104
120.2  24.0969788662
120.3  220.311100683
120.4  692.805573247
120.5  534.037181078
120.6  268.261749938
120.7  468.771639402
120.8  382.982425738
120.9  10.1190316485
121.0  298.024715691
121.1  745.682500701
121.2  483.027853169
121.3  297.827895535
121.4  546.604777671
121.5  316.176511346
121.6  3.51216939046
121.7  481.377856842
121.8  777.193283995
121.9  382.941772004
122.0  402.29085519
122.1  601.064801437
122.2  156.948322762
122.3  111.086624405
122.4  746.880631587
122.5  684.429021615
122.6  320.946051323
122.7  608.138805771
122.8  494.129163727
122.9  3.91578531862
123.0  467.619494707
123.1  907.693205416
123.2  452.829762726
123.3  485.772553338
123.4  734.762307537
123.5  158.190245235
123.6  190.538986419
123.7  945.346993408
123.8  699.363935878
123.9  408.945998103
124.0  831.785387066
124.1  415.067678856
124.2  39.4591425635
124.3  871.874440632
124.4  945.983647767
124.5  423.452916599
124.6  861.78620676
124.7  664.315718594
124.8  0.166557441009
124.9  794.922004965
125.0  1157.51532939
125.1  495.929495446
125.2  904.576351225
125.3  874.787668746
125.4  10.118808393
125.5  789.48348587
125.6  1351.65906568
125.7  582.106470639
125.8  1014.37403906
125.9  1048.06955581
126.0  16.4163818164
126.1  909.86219646
126.2  1549.37190545
126.3  657.40023297
126.4  1237.3895641
126.5  1169.9272279
126.6  2.48654840499
126.7  1219.4006493
126.8  1735.61430158
126.9  738.07970385
127.0  1623.51644216
127.1  1174.03591353
127.2  27.3766893417
127.3  1792.11346361
127.4  1833.1747137
127.5  930.686728908
127.6  2186.84388872
127.7  937.13526444
127.8  307.527212647
127.9  2635.37514291
128.0  1732.99168943
128.1  1505.89477803
128.2  2763.06796653
128.3  401.529893826
128.4  1287.21158891
128.5  3496.22606397
128.6  1518.00063996
128.7  2848.3605665
128.8  2803.70084764
128.9  1.92046788787
129.0  3426.2881454
129.1  3735.07693141
129.2  1990.04997415
129.3  4889.15140011
129.4  1585.7772337
129.5  1310.33869575
129.6  6282.49834683
129.7  3075.05436441
129.8  4912.63716404
129.9  5883.03806893
130.0  9.26641903294
130.1  6588.4237386
130.2  7538.44691936
130.3  4243.2423569
130.4  10765.8527018
130.5  2839.10618201
130.6  4135.6066014
130.7  14797.7061869
130.8  6511.42841851
130.9  14946.6337149
131.0  12812.1977013
131.1  771.749279975
131.2  24409.3007654
131.3  18081.8722037
131.4  20231.3172171
131.5  37632.2712016
131.6  1383.21107201
131.7  40374.2693112
131.8  62057.5439088
131.9  39185.5639109
132.0  126478.233586
132.1  35470.9752422
132.2  101470.747277
132.3  410935.026521
132.4  295635.704971
132.5  2010488.04099
132.6  6192437.54327
132.7  6908896.42694
132.8  2910587.86516
132.9  393418.861512
133.0  409916.505204
133.1  176986.66138
133.2  13224.9886543
133.3  133290.15625
133.4  47757.9590891
133.5  59529.216778
133.6  46927.0702471
133.7  1041.998435
133.8  40100.1524048
133.9  19029.9395643
134.0  21539.0787467
134.1  22049.1733189
134.2  124.669532406
134.3  18789.1334947
134.4  10191.8075848
134.5  11109.1781682
134.6  12629.0223315
134.7  42.7469088149
134.8  11058.7938459
134.9  6096.4330079
135.0  7103.47201181
135.1  7907.45902975
135.2  75.8367992346
135.3  7531.58976831
135.4  3794.35039776
135.5  5289.00225697
135.6  5088.21124835
135.7  204.874463882
135.8  5614.63063213
135.9  2384.11807785
136.0  4383.21279984
136.1  3166.24174466
136.2  472.426031522
136.3  4346.62936296
136.4  1542.06631656
136.5  3854.04872414
136.6  1744.63409438
136.7  888.007859349
136.8  3304.24943663
136.9  1157.40679635
137.0  3394.32715738
137.1  711.711201677
137.2  1387.96457704
137.3  2319.39414398
137.4  1177.54099442
137.5  2791.39519694
137.6  112.87054795
137.7  1813.40643247
137.8  1416.26251967
137.9  1492.03863868
138.0  1948.84903749
138.1  33.908569357
138.2  1944.13286107
138.3  778.078535999
138.4  1850.55111303
138.5  972.509794746
138.6  440.884110916
138.7  1632.41398415
138.8  625.860638892
138.9  1895.61091399
139.0  200.860158571
139.1  1039.40709982
139.2  999.897805329
139.3  974.059327748
139.4  1391.29591737
139.5  23.5444589668
139.6  1337.38792395
139.7  498.364507008
139.8  1428.54341647
139.9  544.352129508
140.0  478.481701162
140.1  1040.62868972
140.2  580.441599639
140.3  1377.41000701
140.4  13.2843299325
140.5  1008.47731247
140.6  494.453072747
140.7  1102.86101785
140.8  668.895553538
140.9  265.35108711
141.0  938.735826177
141.1  448.268198956
141.2  1255.36996356
141.3  34.1224246043
141.4  831.365629991
141.5  435.530625993
141.6  990.061697963
141.7  605.498150492
141.8  242.881534424
141.9  791.673798543
142.0  445.026453312
142.1  1135.46045131
142.2  9.5461855077
142.3  780.052432148
142.4  336.535383034
142.5  1041.13378211
142.6  408.211097112
142.7  348.226643554
142.8  599.75062779
142.9  587.93334454
143.0  960.497914834
143.1  15.0333937255
143.2  744.46132589
143.3  306.972836547
143.4  1154.96460868
143.5  139.229622249
143.6  543.952083108
143.7  370.876898777
143.8  937.642029964
143.9  610.976050212
144.0  190.715006415
144.1  571.799848642
144.2  590.190722247
144.3  1093.6733137
144.4  1.67138730771
144.5  648.963472133
144.6  379.788034231
144.7  1365.1825426
144.8  140.726962833
144.9  520.602067461
145.0  379.25700378
145.1  1447.83126723
145.2  596.253938483
145.3  278.965352043
145.4  525.298894584
145.5  1581.2653151
145.6  1395.038084
145.7  66.6698671913
145.8  826.893485014
145.9  2506.14653462
146.0  3444.14813105
146.1  16.8783808428
146.2  2538.04241997
146.3  14731.6457305
146.4  40377.0927871
146.5  46563.6514394
146.6  46477.7253081
146.7  29756.8071274
146.8  6898.56657772
146.9  834.762728544
147.0  1188.61311365
147.1  4016.94628834
147.2  1176.57302893
147.3  600.893687825
147.4  309.710906918
147.5  2216.246285
147.6  622.205250572
147.7  641.994187695
147.8  75.07417604
147.9  1690.57138645
148.0  508.381706447
148.1  695.261230924
148.2  3.42653563501
148.3  1425.87747729
148.4  513.07696844
148.5  725.832695914
148.6  14.734488932
148.7  1241.71171596
148.8  569.768739651
148.9  733.951944472
149.0  74.9956911944
149.1  1094.68199431
149.2  652.100970959
149.3  729.284472644
149.4  161.914762613
149.5  975.863264234
149.6  745.293227409
149.7  722.73927953
149.8  259.833462508
149.9  885.700922366
150.0  840.502676783
150.1  723.707012116
150.2  358.182509033
150.3  826.82185002
150.4  932.681511799
150.5  739.829643261
150.6  449.979752517
150.7  802.5112795
150.8  1018.90385784
150.9  777.945246075
151.0  530.158246186
151.1  817.216018602
151.2  1096.81931873
151.3  845.468153099
151.4  593.953284581
151.5  877.737293981
151.6  1163.31676246
151.7  951.815300236
151.8  635.561366964
151.9  994.556047771
152.0  1213.54909629
152.1  1109.62942686
152.2  647.30385526
152.3  1182.95340257
152.4  1240.59154499
152.5  1335.48739397
152.6  619.709356934
152.7  1463.50160962
152.8  1236.28936779
152.9  1649.52670127
153.0  543.30954753
153.1  1861.19503342
153.2  1194.32704733
153.3  2072.99797248
153.4  413.529596572
153.5  2402.03912061
153.6  1117.20470424
153.7  2622.23388484
153.8  240.801023078
153.9  3105.47267168
154.0  1029.53823509
154.1  3297.13417007
154.2  68.7797909887
154.3  3970.92571162
154.4  1000.65776025
154.5  4062.48722031
154.6  4.01557849337
154.7  4957.8434235
154.8  1179.44362568
154.9  4822.19271429
155.0  260.226672267
155.1  5961.96254894
155.2  1843.29414971
155.3  5391.26277629
155.4  1219.56853677
155.5  6798.86759933
155.6  3461.39576852
155.7  5481.0744559
155.8  3514.16150236
155.9  7223.82307388
156.0  6773.42063245
156.1  4736.08253741
156.2  8143.41645912
156.3  7059.38753626
156.4  12901.9441062
156.5  2918.08664014
156.6  16703.5945378
156.7  6631.6861463
156.8  23601.9866435
156.9  540.93340258
157.0  32076.90773
157.1  8270.90731266
157.2  42145.9109773
157.3  1342.70211768
157.4  61354.5301678
157.5  23123.4708004
157.6  77713.199427
157.7  26924.0352745
157.8  134556.561464
157.9  127001.474106
158.0  183550.143208
158.1  333987.06313
158.2  665479.742396
158.3  3386102.78708
158.4  16479577.0568
158.5  10816835.8972
158.6  618976.547502
158.7  908822.777838
158.8  2259.92785445
158.9  304968.72026
159.0  48513.979103
159.1  142419.230687
159.2  11478.6974615
159.3  79988.3538953
159.4  32689.235656
159.5  37812.7667149
159.6  22438.9266209
159.7  24395.2747678
159.8  29769.6719371
159.9  7225.91809183
160.0  23855.2168532
160.1  6909.6210869
160.2  23486.1957789
160.3  54.236234301
160.4  18519.2031177
160.5  4258.17201776
160.6  14346.3055646
160.7  2191.90769141
160.8  10585.3548503
160.9  6797.97348321
161.0  5747.34825786
161.1  6163.65307404
161.2  4171.57126925
161.3  8777.2237615
161.4  773.47008172
161.5  7736.24723519
161.6  1663.4544856
161.7  7660.37231652
161.8  269.839765188
161.9  6013.0987927
162.0  2660.55199768
162.1  4156.72628597
162.2  2429.18904331
162.3  2888.44606704
162.4  4594.67381008
162.5  905.129278531
162.6  4245.6266338
162.7  1040.44789079
162.8  4872.67130217
162.9  50.5858081224
163.0  3878.85071821
163.1  1562.70980747
163.2  2978.80901286
163.3  1420.22217998
163.4  1984.50894715
163.5  3134.10194768
163.6  682.566044882
163.7  2899.56870211
163.8  718.531690644
163.9  3542.56370787
164.0  50.1878752767
164.1  2715.26412771
164.2  1294.00277761
164.3  2102.75160527
164.4  1209.30950758
164.5  1290.17262853
164.6  2646.72490691
164.7  356.588410573
164.8  2327.47802355
164.9  554.668590416
165.0  2793.20279431
165.1  149.197359465
165.2  1927.54051822
165.3  1421.89336935
165.4  1360.14914962
165.5  1316.55560077
165.6  748.527947954
165.7  2555.5185946
165.8  78.1207324557
165.9  1983.22574324
166.0  647.009027251
166.1  2189.74480028
166.2  418.017169711
166.3  1232.36864723
166.4  1863.41455605
166.5  670.381011775
166.6  1519.97901506
166.7  457.531999285
166.8  2541.88598341
166.9  15.6246853765
167.0  1536.56209173
167.1  1208.79101927
167.2  1486.76005997
167.3  876.796295335
167.4  623.99654995
167.5  2565.94369573
167.6  130.721643072
167.7  1521.80315018
167.8  859.041275259
167.9  2343.86066868
168.0  343.275811036
168.1  871.963845372
168.2  2742.11221859
168.3  673.972873744
168.4  1294.88534016
168.5  1077.78627546
168.6  3863.66137315
168.7  51.9615261797
168.8  1364.80553804
168.9  5892.93196831
169.0  2644.26983936
169.1  1990.5447565
169.2  16659.9080359
169.3  65780.9361413
169.4  71050.127411
169.5  69946.505894
169.6  22027.8879151
169.7  2799.78951291
169.8  1589.39570239
169.9  6878.56356326
170.0  1374.258212
170.1  252.177647532
170.2  3627.38526136
170.3  1507.9573071
170.4  1459.79942763
170.5  392.260753604
170.6  3223.80699629
170.7  799.725137677
170.8  544.962627663
170.9  2350.22148983
171.0  1087.36241796
171.1  1670.74877628
171.2  106.426631972
171.3  2900.08367027
171.4  698.901309564
171.5  936.058962888
171.6  1840.31052253
171.7  1213.89645211
171.8  1855.34988651
171.9  4.76513188106
172.0  2967.53040296
172.1  630.314996762
172.2  1390.32742448
172.3  1492.20343473
172.4  1516.4494497
172.5  2003.9529316
172.6  29.441884311
172.7  3157.04791985
172.8  604.296307131
172.9  1907.05646935
173.0  1217.82620933
173.1  1948.32884517
173.2  2148.10336435
173.3  164.399492474
173.4  3430.92489568
173.5  638.859802301
173.6  2513.35407129
173.7  995.59124756
173.8  2523.70165991
173.9  2325.33861801
174.0  412.39212584
174.1  3812.46211297
174.2  751.889923765
174.3  3268.78033114
174.4  816.583795194
174.5  3299.92754697
174.6  2580.75066094
174.7  800.131271993
174.8  4363.63151828
174.9  971.058987846
175.0  4282.91935989
175.1  674.429413416
175.2  4396.79443164
175.3  2979.03533831
175.4  1395.36142506
175.5  5200.38238161
175.6  1350.70574418
175.7  5760.873016
175.8  563.407764095
175.9  6054.45928363
176.0  3632.7179788
176.1  2349.36100515
176.2  6548.71140859
176.3  2008.18780859
176.4  8120.91559862
176.5  478.337151814
176.6  8789.12871339
176.7  4773.7977818
176.8  4014.21725105
176.9  8904.12965557
177.0  3223.54716102
177.1  12335.5011646
177.2  414.741135304
177.3  13868.12416
177.4  6971.72439673
177.5  7325.55112267
177.6  13555.0381466
177.7  5781.55081489
177.8  21138.4432645
177.9  368.966335466
178.0  25128.4763392
178.1  11990.9186203
178.2  15424.8823133
178.3  24851.3684985
178.4  12571.8521474
178.5  44948.4704151
178.6  338.216683602
178.7  59191.2240052
178.8  27934.6796802
178.9  44553.9160145
179.0  66530.4794727
179.1  41789.7624646
179.2  156729.890763
179.3  320.53529961
179.4  277186.1742
179.5  150968.31866
179.6  361382.132829
179.7  688302.720629
179.8  891605.553201
179.9  9986202.56194
