390
56.0
0.0
0.0
0.0
40.0
2.095
2.095
2.095
8.0
2.095
2.095
0.0
8.0
2.095
0.0
2.095
8.0
0.0
2.095
2.095
56.0
0.0
0.0
4.19
40.0
2.095
2.095
6.285
8.0
2.095
2.095
4.19
8.0
2.095
0.0
6.285
8.0
0.0
2.095
6.285
56.0
0.0
0.0
8.38
40.0
2.095
2.095
10.475000000000001
8.0
2.095
2.095
8.38
8.0
2.095
0.0
10.475000000000001
8.0
0.0
2.095
10.475000000000001
56.0
0.0
0.0
12.57
40.0
2.095
2.095
14.665000000000001
8.0
2.095
2.095
12.57
8.0
2.095
0.0
14.665000000000001
8.0
0.0
2.095
14.665000000000001
56.0
0.0
0.0
16.76
40.0
2.095
2.095
18.855
8.0
2.095
2.095
16.76
8.0
2.095
0.0
18.855
8.0
0.0
2.095
18.855
56.0
0.0
0.0
20.950000000000003
40.0
2.095
2.095
23.045
8.0
2.095
2.095
20.950000000000003
8.0
2.095
0.0
23.045
8.0
0.0
2.095
23.045
56.0
0.0
0.0
25.14
40.0
2.095
2.095
27.235
8.0
2.095
2.095
25.14
8.0
2.095
0.0
27.235
8.0
0.0
2.095
27.235
56.0
0.0
0.0
29.330000000000002
40.0
2.095
2.095
31.425
8.0
2.095
2.095
29.330000000000002
8.0
2.095
0.0
31.425
8.0
0.0
2.095
31.425
56.0
0.0
0.0
33.52
40.0
2.095
2.095
35.615
8.0
2.095
2.095
33.52
8.0
2.095
0.0
35.615
8.0
0.0
2.095
35.615
56.0
0.0
0.0
37.71
40.0
2.095
2.095
39.805
8.0
2.095
2.095
37.71
8.0
2.095
0.0
39.805
8.0
0.0
2.095
39.805
56.0
0.0
0.0
41.900000000000006
40.0
2.095
2.095
43.995000000000005
8.0
2.095
2.095
41.900000000000006
8.0
2.095
0.0
43.995000000000005
8.0
0.0
2.095
43.995000000000005
56.0
0.0
0.0
46.09
40.0
2.095
2.095
48.185
8.0
2.095
2.095
46.09
8.0
2.095
0.0
48.185
8.0
0.0
2.095
48.185
56.0
0.0
0.0
50.28
40.0
2.095
2.095
52.375
8.0
2.095
2.095
50.28
8.0
2.095
0.0
52.375
8.0
0.0
2.095
52.375
56.0
0.0
0.0
54.470000000000006
40.0
2.095
2.095
56.565000000000005
8.0
2.095
2.095
54.470000000000006
8.0
2.095
0.0
56.565000000000005
8.0
0.0
2.095
56.565000000000005
56.0
0.0
0.0
58.660000000000004
40.0
2.095
2.095
60.755
8.0
2.095
2.095
58.660000000000004
8.0
2.095
0.0
60.755
8.0
0.0
2.095
60.755
56.0
0.0
0.0
62.85000000000001
40.0
2.095
2.095
64.94500000000001
8.0
2.095
2.095
62.85000000000001
8.0
2.095
0.0
64.94500000000001
8.0
0.0
2.095
64.94500000000001
56.0
0.0
0.0
67.04
40.0
2.095
2.095
69.135
8.0
2.095
2.095
67.04
8.0
2.095
0.0
69.135
8.0
0.0
2.095
69.135
56.0
0.0
0.0
71.23
40.0
2.095
2.095
73.325
8.0
2.095
2.095
71.23
8.0
2.095
0.0
73.325
8.0
0.0
2.095
73.325
56.0
0.0
0.0
75.42
40.0
2.095
2.095
77.515
8.0
2.095
2.095
75.42
8.0
2.095
0.0
77.515
8.0
0.0
2.095
77.515
56.0
0.0
0.0
79.61000000000001
40.0
2.095
2.095
81.70500000000001
8.0
2.095
2.095
79.61000000000001
8.0
2.095
0.0
81.70500000000001
8.0
0.0
2.095
81.70500000000001
56.0
0.0
0.0
83.80000000000001
40.0
2.095
2.095
85.89500000000001
8.0
2.095
2.095
83.80000000000001
8.0
2.095
0.0
85.89500000000001
8.0
0.0
2.095
85.89500000000001
56.0
0.0
0.0
87.99000000000001
40.0
2.095
2.095
90.08500000000001
8.0
2.095
2.095
87.99000000000001
8.0
2.095
0.0
90.08500000000001
8.0
0.0
2.095
90.08500000000001
56.0
0.0
0.0
92.18
40.0
2.095
2.095
94.275
8.0
2.095
2.095
92.18
8.0
2.095
0.0
94.275
8.0
0.0
2.095
94.275
56.0
0.0
0.0
96.37
40.0
2.095
2.095
98.465
8.0
2.095
2.095
96.37
8.0
2.095
0.0
98.465
8.0
0.0
2.095
98.465
56.0
0.0
0.0
100.56
40.0
2.095
2.095
102.655
8.0
2.095
2.095
100.56
8.0
2.095
0.0
102.655
8.0
0.0
2.095
102.655
56.0
0.0
0.0
104.75000000000001
40.0
2.095
2.095
106.84500000000001
8.0
2.095
2.095
104.75000000000001
8.0
2.095
0.0
106.84500000000001
8.0
0.0
2.095
106.84500000000001
56.0
0.0
0.0
108.94000000000001
40.0
2.095
2.095
111.03500000000001
8.0
2.095
2.095
108.94000000000001
8.0
2.095
0.0
111.03500000000001
8.0
0.0
2.095
111.03500000000001
56.0
0.0
0.0
113.13000000000001
40.0
2.095
2.095
115.22500000000001
8.0
2.095
2.095
113.13000000000001
8.0
2.095
0.0
115.22500000000001
8.0
0.0
2.095
115.22500000000001
56.0
0.0
0.0
117.32000000000001
40.0
2.095
2.095
119.415
8.0
2.095
2.095
117.32000000000001
8.0
2.095
0.0
119.415
8.0
0.0
2.095
119.415
56.0
0.0
0.0
121.51
40.0
2.095
2.095
123.605
8.0
2.095
2.095
121.51
8.0
2.095
0.0
123.605
8.0
0.0
2.095
123.605
12.0
0.0
0.0
125.7
12.0
2.095
2.095
125.7
12.0
0.0
2.095
127.795
12.0
2.095
0.0
127.795
8.0
2.095
0.0
125.7
8.0
0.0
2.095
125.7
8.0
0.0
0.0
127.795
8.0
2.095
2.095
127.795
12.0
0.0
0.0
129.89000000000001
12.0
2.095
2.095
129.89000000000001
12.0
0.0
2.095
131.985
12.0
2.095
0.0
131.985
8.0
2.095
0.0
129.89000000000001
8.0
0.0
2.095
129.89000000000001
8.0
0.0
0.0
131.985
8.0
2.095
2.095
131.985
12.0
0.0
0.0
134.08
12.0
2.095
2.095
134.08
12.0
0.0
2.095
136.175
12.0
2.095
0.0
136.175
8.0
2.095
0.0
134.08
8.0
0.0
2.095
134.08
8.0
0.0
0.0
136.175
8.0
2.095
2.095
136.175
12.0
0.0
0.0
138.27
12.0
2.095
2.095
138.27
12.0
0.0
2.095
140.365
12.0
2.095
0.0
140.365
8.0
2.095
0.0
138.27
8.0
0.0
2.095
138.27
8.0
0.0
0.0
140.365
8.0
2.095
2.095
140.365
12.0
0.0
0.0
142.46
12.0
2.095
2.095
142.46
12.0
0.0
2.095
144.555
12.0
2.095
0.0
144.555
8.0
2.095
0.0
142.46
8.0
0.0
2.095
142.46
8.0
0.0
0.0
144.555
8.0
2.095
2.095
144.555
12.0
0.0
0.0
146.65
12.0
2.095
2.095
146.65
12.0
0.0
2.095
148.745
12.0
2.095
0.0
148.745
8.0
2.095
0.0
146.65
8.0
0.0
2.095
146.65
8.0
0.0
0.0
148.745
8.0
2.095
2.095
148.745
12.0
0.0
0.0
150.84
12.0
2.095
2.095
150.84
12.0
0.0
2.095
152.935
12.0
2.095
0.0
152.935
8.0
2.095
0.0
150.84
8.0
0.0
2.095
150.84
8.0
0.0
0.0
152.935
8.0
2.095
2.095
152.935
12.0
0.0
0.0
155.03
12.0
2.095
2.095
155.03
12.0
0.0
2.095
157.125
12.0
2.095
0.0
157.125
8.0
2.095
0.0
155.03
8.0
0.0
2.095
155.03
8.0
0.0
0.0
157.125
8.0
2.095
2.095
157.125
12.0
0.0
0.0
159.22
12.0
2.095
2.095
159.22
12.0
0.0
2.095
161.315
12.0
2.095
0.0
161.315
8.0
2.095
0.0
159.22
8.0
0.0
2.095
159.22
8.0
0.0
0.0
161.315
8.0
2.095
2.095
161.315
12.0
0.0
0.0
163.41
12.0
2.095
2.095
163.41
12.0
0.0
2.095
165.505
12.0
2.095
0.0
165.505
8.0
2.095
0.0
163.41
8.0
0.0
2.095
163.41
8.0
0.0
0.0
165.505
8.0
2.095
2.095
165.505
12.0
0.0
0.0
167.60000000000002
12.0
2.095
2.095
167.60000000000002
12.0
0.0
2.095
169.695
12.0
2.095
0.0
169.695
8.0
2.095
0.0
167.60000000000002
8.0
0.0
2.095
167.60000000000002
8.0
0.0
0.0
169.695
8.0
2.095
2.095
169.695
12.0
0.0
0.0
171.79000000000002
12.0
2.095
2.095
171.79000000000002
12.0
0.0
2.095
173.885
12.0
2.095
0.0
173.885
8.0
2.095
0.0
171.79000000000002
8.0
0.0
2.095
171.79000000000002
8.0
0.0
0.0
173.885
8.0
2.095
2.095
173.885
12.0
0.0
0.0
175.98000000000002
12.0
2.095
2.095
175.98000000000002
12.0
0.0
2.095
178.075
12.0
2.095
0.0
178.075
8.0
2.095
0.0
175.98000000000002
8.0
0.0
2.095
175.98000000000002
8.0
0.0
0.0
178.075
8.0
2.095
2.095
178.075
12.0
0.0
0.0
180.17000000000002
12.0
2.095
2.095
180.17000000000002
12.0
0.0
2.095
182.26500000000001
12.0
2.095
0.0
182.26500000000001
8.0
2.095
0.0
180.17000000000002
8.0
0.0
2.095
180.17000000000002
8.0
0.0
0.0
182.26500000000001
8.0
2.095
2.095
182.26500000000001
12.0
0.0
0.0
184.36
12.0
2.095
2.095
184.36
12.0
0.0
2.095
186.455
12.0
2.095
0.0
186.455
8.0
2.095
0.0
184.36
8.0
0.0
2.095
184.36
8.0
0.0
0.0
186.455
8.0
2.095
2.095
186.455
12.0
0.0
0.0
188.55
12.0
2.095
2.095
188.55
12.0
0.0
2.095
190.645
12.0
2.095
0.0
190.645
8.0
2.095
0.0
188.55
8.0
0.0
2.095
188.55
8.0
0.0
0.0
190.645
8.0
2.095
2.095
190.645
12.0
0.0
0.0
192.74
12.0
2.095
2.095
192.74
12.0
0.0
2.095
194.835
12.0
2.095
0.0
194.835
8.0
2.095
0.0
192.74
8.0
0.0
2.095
192.74
8.0
0.0
0.0
194.835
8.0
2.095
2.095
194.835
12.0
0.0
0.0
196.93
12.0
2.095
2.095
196.93
12.0
0.0
2.095
199.025
12.0
2.095
0.0
199.025
8.0
2.095
0.0
196.93
8.0
0.0
2.095
196.93
8.0
0.0
0.0
199.025
8.0
2.095
2.095
199.025
12.0
0.0
0.0
201.12
12.0
2.095
2.095
201.12
12.0
0.0
2.095
203.215
12.0
2.095
0.0
203.215
8.0
2.095
0.0
201.12
8.0
0.0
2.095
201.12
8.0
0.0
0.0
203.215
8.0
2.095
2.095
203.215
12.0
0.0
0.0
205.31
12.0
2.095
2.095
205.31
12.0
0.0
2.095
207.40500000000003
12.0
2.095
0.0
207.40500000000003
8.0
2.095
0.0
205.31
8.0
0.0
2.095
205.31
8.0
0.0
0.0
207.40500000000003
8.0
2.095
2.095
207.40500000000003
12.0
0.0
0.0
209.5
12.0
2.095
2.095
209.5
12.0
0.0
2.095
211.59500000000003
12.0
2.095
0.0
211.59500000000003
8.0
2.095
0.0
209.5
8.0
0.0
2.095
209.5
8.0
0.0
0.0
211.59500000000003
8.0
2.095
2.095
211.59500000000003
12.0
0.0
0.0
213.69
12.0
2.095
2.095
213.69
12.0
0.0
2.095
215.78500000000003
12.0
2.095
0.0
215.78500000000003
8.0
2.095
0.0
213.69
8.0
0.0
2.095
213.69
8.0
0.0
0.0
215.78500000000003
8.0
2.095
2.095
215.78500000000003
12.0
0.0
0.0
217.88
12.0
2.095
2.095
217.88
12.0
0.0
2.095
219.97500000000002
12.0
2.095
0.0
219.97500000000002
8.0
2.095
0.0
217.88
8.0
0.0
2.095
217.88
8.0
0.0
0.0
219.97500000000002
8.0
2.095
2.095
219.97500000000002
12.0
0.0
0.0
222.07
12.0
2.095
2.095
222.07
12.0
0.0
2.095
224.16500000000002
12.0
2.095
0.0
224.16500000000002
8.0
2.095
0.0
222.07
8.0
0.0
2.095
222.07
8.0
0.0
0.0
224.16500000000002
8.0
2.095
2.095
224.16500000000002
12.0
0.0
0.0
226.26
12.0
2.095
2.095
226.26
12.0
0.0
2.095
228.35500000000002
12.0
2.095
0.0
228.35500000000002
8.0
2.095
0.0
226.26
8.0
0.0
2.095
226.26
8.0
0.0
0.0
228.35500000000002
8.0
2.095
2.095
228.35500000000002
12.0
0.0
0.0
230.45000000000002
12.0
2.095
2.095
230.45000000000002
12.0
0.0
2.095
232.54500000000002
12.0
2.095
0.0
232.54500000000002
8.0
2.095
0.0
230.45000000000002
8.0
0.0
2.095
230.45000000000002
8.0
0.0
0.0
232.54500000000002
8.0
2.095
2.095
232.54500000000002
12.0
0.0
0.0
234.64000000000001
12.0
2.095
2.095
234.64000000000001
12.0
0.0
2.095
236.735
12.0
2.095
0.0
236.735
8.0
2.095
0.0
234.64000000000001
8.0
0.0
2.095
234.64000000000001
8.0
0.0
0.0
236.735
8.0
2.095
2.095
236.735
12.0
0.0
0.0
238.83
12.0
2.095
2.095
238.83
12.0
0.0
2.095
240.925
12.0
2.095
0.0
240.925
8.0
2.095
0.0
238.83
8.0
0.0
2.095
238.83
8.0
0.0
0.0
240.925
8.0
2.095
2.095
240.925
12.0
0.0
0.0
243.02
12.0
2.095
2.095
243.02
12.0
0.0
2.095
245.115
12.0
2.095
0.0
245.115
8.0
2.095
0.0
243.02
8.0
0.0
2.095
243.02
8.0
0.0
0.0
245.115
8.0
2.095
2.095
245.115
12.0
0.0
0.0
247.21
12.0
2.095
2.095
247.21
12.0
0.0
2.095
249.305
12.0
2.095
0.0
249.305
8.0
2.095
0.0
247.21
8.0
0.0
2.095
247.21
8.0
0.0
0.0
249.305
8.0
2.095
2.095
249.305
